     f temp -32  6.51 1400.0014033  3Y9JXP GO07 43         -1  0.20  1  1  -48  0  36  2930  -237
     f temp -32  6.51 1400.0014033  3Y9JXP GO07 43         -1  0.20  1  1  -48  0  36  2930  -237
     f temp -32  6.51 1400.0014033  3Y9JXP GO07 43         -1  0.20  1  1  -48  0  36  2930  -237
     f temp -32  6.51 1400.0014033  3Y9JXP GO07 43         -1  0.20  1  1  -48  0  36  2930  -237
14.097 temp -32  6.51  14.0984033  3Y9JXP GO07 43         -1  0.20  1  1  -48  0  36  2930  -237
14.097 temp -32  6.51  14.0984033  3Y9JXP GO07 43         -1  0.20  1  1  -48  0  36  2930  -237
14.097 temp -32  6.51  14.0984033  3Y9JXP GO07 43         -1  0.20  1  1  -48  0  36  2930  -237
14.097 temp -32  6.51  14.0984033  3Y9JXP GO07 43         -1  0.20  1  1  -48  0  36  2930  -237
14.097 temp -32  6.51  14.0984033  3Y9JXP GO07 43         -1  0.20  1  1  -48  0  36  2930  -237
14.097 temp -32  6.51  14.0984033  3Y9JXP GO07 43         -1  0.20  1  1  -48  0  36  2930  -237
14.097 temp -32  6.51  14.0984033  3Y9JXP GO07 43         -1  0.20  1  1  -48  0  36  2930  -237
14.097 temp -32  6.51  14.0984033  3Y9JXP GO07 43         -1  0.20  1  1  -48  0  36  2930  -237
     f temp -32  6.51 1400.0014033  3Y9JXP GO07 43         -1  0.20  1  1  -48  0  36  2930  -237
     f temp -32  6.51 1400.0014033  3Y9JXP GO07 43         -1  0.20  1  1  -48  0  36  2930  -237
     f temp -33  6.17 1400.0014341  PLN/ME2AMB 53           0  0.10  3  4   24  0  33  9168  -264
     f temp -32  6.51 1400.0014033  3Y9JXP GO07 43         -1  0.20  1  1  -48  0  36  2930  -237
     f temp -33  6.17 1400.0014341  PLN/ME2AMB 53           0  0.10  3  4   24  0  33  9168  -264
097100 temp -32  6.51  14.0985033  3Y9JXP GO07 43         -1  0.20  1  1  -48  0  36  2930  -237
097100 temp -32  6.51  14.0985033  3Y9JXP GO07 43         -1  0.20  1  1  -48  0  36  2930  -237
097100 temp -32  6.51  14.0985033  3Y9JXP GO07 43         -1  0.20  1  1  -48  0  36  2930  -237
     f temp -33  6.17 1400.0014341  PLN/ME2AMB 53           0  0.10  3  4   24  0  33  9168  -264
     f temp -33  6.17 1400.0014341  PLN/ME2AMB 53           0  0.10  3  4   24  0  33  9168  -264
097100 temp -33  6.17  14.0985341  PLN/ME2AMB 53           0  0.10  3  4   24  0  33  9168  -264
     f temp -33  6.17 1400.0014341  PLN/ME2AMB 53           0  0.10  3  4   24  0  33  9168  -264
     f temp -33  6.17 1400.0014341  PLN/ME2AMB 53           0  0.10  3  4   24  0  33  9168  -264
     f temp -33  6.17 1400.0014341  PLN/ME2AMB 53           0  0.10  3  4   24  0  33  9168  -264
     f temp -33  5.83 1400.0014495  1IO/IL0HBU  7           0  0.15  3  2   -8  0  62  5118  -270
     f temp -33  5.83 1400.0014495  1IO/IL0HBU  7           0  0.15  3  2   -8  0  62  5118  -270
     f temp -15  5.14 1400.0014568  092SAS/21 53            1  0.50  1  1    0  0  54  5698  -267
     f temp -15  5.14 1400.0014568  092SAS/21 53            1  0.50  1  1    0  0  54  5698  -267
ferenc _12k -19 -0.66   1.5014312  G3ABC IO91 20           0  0.66  1  1   48  0  19     5   101
ferenc _12k -17 -0.66   1.5014370  G3ABC IO91 20           0  0.66  1  1   48  0  34   902  -124
ferenc _12k -21 -0.66   1.5014429  G3ABC IO91 20           0  0.18  3  4   40  0  33    56    59
ferenc _12k -10 -0.66   1.5014531  G3ABC IO91 20           0  0.66  1  1   32  0  33    54  -121
ferenc _12k  54 -0.02   1.5015000  G3ABC IO91 20           0  0.99  1  1    0  0   0     1   810
    -f temp -20  3.44   1.5014531  PC9/099XMH 10          -3  0.52  1  1  -56  0  44  4248  -232
    -f temp -31 -0.66   1.5014092  G3ABC IO91 20           0  0.64  1  1  -24  0  33   236   -97
    -f temp -30 -0.66   1.5014136  G3ABC IO91 20           0  0.64  1  1   16  0  25     2    65
    -f temp -28 -0.66   1.5014180  G3ABC IO91 20           0  0.64  1  1   -8  0  31   175   -37
    -f temp -23 -0.66   1.5014370  G3ABC IO91 20           0  0.64  1  1   -8  0  31   886   -80
    -f temp -18 -0.66   1.5014590  G3ABC IO91 20           0  0.64  1  1  -24  0  35   857   -39
    -f temp -16 -0.66   1.5014634  G3ABC IO91 20           0  0.64  1  1    0  0  33    92   -87
    -f temp  -6 -0.66   1.5014824  G3ABC IO91 20           0  0.64  1  1    8  0  33  4149  -152
    -f temp  40 -0.10   1.5015000  G3ABC IO91 20           0  0.99  1  1    0  0   1     1   798
    -f temp -16 -0.66   1.5015366  G3ABC IO91 20           0  0.64  1  1    0  0  33   122   -12
    -f temp -33 -0.66   1.5015996  G3ABC IO91 20           0  0.64  1  1    0  0  35  7256  -202
    -f temp -16  6.51   1.5015286  MP0RCR IA12 57          0  0.41  1  1   32  0  29  7546  -265
    -f temp -31 -0.66   1.5014092  G3ABC IO91 20           0  0.64  1  1  -24  0  33   207   -93
    -f temp -30 -0.66   1.5014136  G3ABC IO91 20           0  0.64  1  1   16  0  24     6    63
    -f temp -28 -0.66   1.5014180  G3ABC IO91 20           0  0.64  1  1   -8  0  32   175   -43
    -f temp -23 -0.66   1.5014370  G3ABC IO91 20           0  0.64  1  1   -8  0  31   859   -80
    -f temp -18 -0.66   1.5014590  G3ABC IO91 20           0  0.64  1  1  -24  0  31   853   -36
    -f temp -16 -0.66   1.5014634  G3ABC IO91 20           0  0.64  1  1    0  0  32    92   -86
    -f temp  -6 -0.66   1.5014824  G3ABC IO91 20           0  0.64  1  1    8  0  33  4151  -152
    -f temp  40 -0.10   1.5015000  G3ABC IO91 20           0  0.99  1  1    0  0   1     1   798
    -f temp -16 -0.66   1.5015366  G3ABC IO91 20           0  0.64  1  1    0  0  31   125   -11
    -f temp -33 -0.66   1.5015996  G3ABC IO91 20           0  0.64  1  1    0  0  36  7272  -198
    -f temp -29 -0.66   1.5014136  VK3ABC FM04 20          0  0.64  1  1   16  0  32   709   -63
    -f temp -24 -0.66   1.5014355  VK3ABC FM04 20          0  0.64  1  1    8  0  35   601   -50
    -f temp -22 -0.66   1.5014414  VK3ABC FM04 20          0  0.64  1  1    8  0  38   238   -40
    -f temp -13 -0.66   1.5014722  VK3ABC FM04 20          0  0.64  1  1    0  0  35  5274  -186
    -f temp  -0  0.02   1.5014956  VK3ABC FM04 20          0  0.14  3  4    8  0  17  2412  -267
    -f temp  40 -0.10   1.5015000  VK3ABC FM04 20          0  0.99  1  1    0  0   0     1   798
    -f temp -13 -0.66   1.5015278  VK3ABC FM04 20          0  0.64  1  1    0  0  35     6    47
    -f temp -16 -0.66   1.5015344  VK3ABC FM04 20          0  0.64  1  1   24  0  11     1   184
    -f temp -24 -0.66   1.5015688  VK3ABC FM04 20          0  0.64  1  1   16  0  29     7    64
    -f temp -28 -0.66   1.5015820  VK3ABC FM04 20          0  0.64  1  1   -8  0  33  1926  -209
    -f temp -29 -0.66   1.5015864  VK3ABC FM04 20          0  0.64  1  1   16  0  26  4882  -111
